0	0.611214953271028	0.3046594982078853	0.2529002320185615	0.15567765567765568	0.8417730806183946	0.6077645456764431	0.7812529142868508	0.7392088145723279	0.7678179423404379	0.4988072424478587	0.6098338257577433	0.5965430705159012
1	0.6728971962616822	0.44802867383512546	0.3922558922558923	0.3353849476298456	0.8520744169796488	0.63840553178916	0.7829858223227064	0.7412238122040199	0.7790581033762114	0.5208749997822884	0.6122681766913785	0.603032911366813
2	0.7476635514018691	0.5483870967741935	0.5048123620309051	0.4213008046742863	0.8692584505196961	0.6963377269048445	0.792741656745728	0.7548415730524543	0.8038666074836485	0.5757014276087005	0.6250213475672147	0.6170224698135631
3	0.7532710280373832	0.5698924731182796	0.5112545894526034	0.43773270541831727	0.8789850641977466	0.7326906771495741	0.8063340750354498	0.7665058579198725	0.8177927812633794	0.6099573855690479	0.6355948456349878	0.6214758664444694
4	0.7476635514018691	0.546594982078853	0.5024259013852982	0.4199183322587578	0.8788033889422657	0.7208974062512044	0.8118415657956524	0.7653562435563211	0.8189490373525148	0.5989928633248693	0.6405101692166515	0.622278475957513
5	0.7644859813084112	0.5752688172043011	0.5199555686373448	0.442985569973227	0.8901301423705127	0.7446300792641409	0.8235956601083062	0.7740429565626025	0.8332170111257614	0.6229349098147774	0.6448026521747432	0.6332650736726263
6	0.7663551401869159	0.5860215053763441	0.5229194481530929	0.4662237583794975	0.8975403965411826	0.7548014542464767	0.8299360644034524	0.777092478296303	0.8420609842651332	0.6323581250267324	0.6498831010144466	0.6345734002956445
7	0.7551401869158878	0.5412186379928315	0.5245339621538369	0.4235528381005927	0.8822866625906193	0.7130850066160507	0.825821782222747	0.7653041085765221	0.8249665046806958	0.5912167839448537	0.6518631042332138	0.6225186398272986
8	0.7682242990654206	0.5824372759856631	0.5246279802069276	0.46701575911781895	0.9015634553236092	0.7561664161560102	0.8371702985704269	0.779916086322331	0.8475796779784996	0.633647479797433	0.6526919678624962	0.6386380883041641
9	0.7682242990654206	0.5824372759856631	0.5238643868263129	0.46333678185150623	0.9015791772207179	0.7530848139155459	0.8397586442555212	0.7792222872052461	0.8476744981090368	0.6300558942105555	0.6566268635433438	0.637956329335242
10	0.7682242990654206	0.578853046594982	0.5216951160411395	0.4571790218484657	0.9008751856057298	0.7489417530607263	0.8406244121642467	0.7781164861233436	0.8470337247140203	0.6252852896769293	0.6582041684669483	0.6368185496073987
11	0.7738317757009345	0.578853046594982	0.537138047138047	0.4571790218484657	0.9064616997117652	0.7489417530607263	0.8438484411012365	0.7781164861233436	0.8544418645032351	0.6252852896769293	0.6567294962168672	0.6368185496073987
12	0.77196261682243	0.5860215053763441	0.5344783428887717	0.46597130023237526	0.9054886889684688	0.7574928379645689	0.8461285300513849	0.7812914768158862	0.8530647754368208	0.6342852180614735	0.6604858929554739	0.6417467305577476
13	0.7682242990654206	0.5698924731182796	0.5393692564745197	0.4509250334147478	0.898459254083326	0.7388916188127079	0.8440312251969764	0.774099886015753	0.8450407641754218	0.6152940861565713	0.6605795345956101	0.631388732491406
14	0.77196261682243	0.5734767025089605	0.5510270849341259	0.45434382365386344	0.901867412001048	0.7463563546203158	0.8477110047619792	0.7776612044828219	0.8497303646870353	0.6234576352572325	0.6632317008481018	0.6372202232696046
15	0.7757009345794392	0.589605734767025	0.5316504111684835	0.4666400624176612	0.9111503188051359	0.7684028982155933	0.852175952314543	0.7852565238214294	0.8606486989503326	0.6452742037536283	0.663397608494015	0.6477490263963548
16	0.7775700934579439	0.5967741935483871	0.5342820999367489	0.47561126260290504	0.9145916673945323	0.7785100396963041	0.8541430670559809	0.7895316134162674	0.8651404736537747	0.6571824983402555	0.6646839089000589	0.6522703597846147
17	0.7757009345794392	0.5967741935483871	0.5546988877862405	0.47561126260290504	0.904575072058695	0.7785100396963041	0.8509018534610403	0.7895316134162674	0.8535607664587633	0.6571824983402555	0.6644666760243114	0.6522703597846147
18	0.7757009345794392	0.5878136200716846	0.5466087986534919	0.46808460439599076	0.9079552799371124	0.7603335645739391	0.8538402312376127	0.7830225664546542	0.8578818265231424	0.6366193335860402	0.6668959200885897	0.6443787202531784
19	0.7757009345794392	0.5967741935483871	0.5574401519709066	0.4955778160498226	0.9121792296270418	0.7707185159491785	0.8562113131021555	0.7863723400762596	0.8629083276562148	0.648133157541633	0.6683131683406733	0.6492117495181807
20	0.7682242990654206	0.5967741935483871	0.548014875827943	0.4955778160498226	0.9054747139488165	0.7707185159491785	0.8543400102588358	0.7863723400762596	0.8554454178640536	0.648133157541633	0.6673281174769699	0.6492117495181807
21	0.7831775700934579	0.6021505376344086	0.5553856981309958	0.4895094198087991	0.9149462835182112	0.7774293110314616	0.8576316048838427	0.7885765545797542	0.8661019121198354	0.6549037932956425	0.6696990994435749	0.6509251100621691
22	0.7794392523364486	0.6021505376344086	0.5541995411560628	0.4992720320451413	0.9156590095204822	0.779691936126206	0.8584618767842187	0.7901556951624239	0.8672355533593425	0.6579699622250874	0.6698235953629035	0.6529847347437864
23	0.7831775700934579	0.5985663082437276	0.5550061214807155	0.48688932233236026	0.913791597519434	0.7737985123521024	0.8584990326251027	0.7879177233914305	0.8648779891778976	0.6516100845137582	0.6725832621339561	0.6501122092042589
24	0.7869158878504673	0.6021505376344086	0.5585954037369122	0.48971981232233225	0.9168521268233034	0.7812319343276679	0.8592861152183257	0.7903506948623281	0.8685458356339499	0.6590481301071178	0.6727976771980796	0.6514149592413072
